0 46 47 46 63 52 51 82 52 26 0 30 24 30 24 0 0 28 28 42 0 42 0 35 30 35 30 33 31 33 31 42 42 0 30 0 30 24 36 36 36 32 38 34 38 34 0 25 31 41 0 0 41 31 41 41 32 31 41 32 41 47 47 36 
46 0 54 55 52 48 51 28 79 0 0 32 32 32 32 23 0 59 59 55 26 55 26 42 48 42 48 29 29 29 29 55 55 0 36 0 36 34 28 42 42 28 0 0 0 0 27 0 56 27 27 27 28 56 50 41 50 50 41 50 41 50 50 28 
47 54 0 58 53 51 56 0 46 89 0 0 31 0 31 75 0 35 35 35 32 35 32 33 0 33 0 0 0 0 0 35 35 0 0 0 0 22 0 35 35 24 0 47 0 47 0 0 24 39 0 0 39 24 39 35 32 28 35 32 35 0 0 0 
46 55 58 0 50 50 54 0 0 0 94 0 0 0 0 0 94 0 0 0 0 0 0 0 0 0 0 0 0 0 0 0 0 34 30 34 0 0 0 0 0 30 0 0 0 30 0 0 0 29 0 0 30 0 29 29 0 0 29 0 29 54 54 0 
63 52 53 50 0 59 54 28 35 20 0 93 24 93 24 0 0 45 45 34 0 34 0 32 48 32 48 78 80 78 80 34 34 0 83 0 83 26 45 29 29 22 29 30 29 30 0 32 31 0 0 0 22 31 30 0 30 30 0 30 0 27 27 45 
52 48 51 50 59 0 64 22 43 0 0 27 100 27 100 33 0 62 62 50 0 50 0 41 26 41 26 22 25 22 25 50 50 0 26 0 26 53 24 41 41 30 26 25 26 25 0 0 26 31 0 0 31 26 31 31 27 27 31 27 31 43 43 24 
51 51 56 54 54 64 0 28 24 20 0 93 24 93 24 0 0 45 45 34 0 34 0 32 48 32 48 78 80 78 80 34 34 0 83 0 83 26 45 29 29 22 29 30 29 30 0 32 31 51 0 0 51 31 51 51 30 30 51 30 51 27 27 45 
82 28 0 0 28 22 28 0 43 0 36 36 100 27 100 33 50 62 62 50 30 50 30 41 42 42 26 28 25 28 25 50 50 50 32 33 32 53 32 41 41 30 26 25 26 32 28 0 28 0 28 28 30 28 27 37 37 31 29 27 29 43 43 24 
52 79 46 0 35 43 24 43 0 70 46 46 55 26 55 88 52 42 52 42 35 35 35 35 55 55 0 41 0 41 34 35 52 52 26 0 0 22 0 35 35 39 27 27 27 26 39 0 50 39 50 50 39 50 39 50 50 28 0 26 0 0 0 0 
26 0 89 0 20 0 20 0 70 0 94 30 36 32 36 32 94 0 35 0 19 20 19 20 36 36 0 24 0 24 22 20 36 36 0 34 0 0 0 0 0 0 0 0 0 0 0 0 27 0 32 28 0 27 0 0 0 20 0 0 0 54 54 0 
0 0 0 94 0 0 0 36 46 94 0 48 42 48 42 30 0 77 77 31 25 31 25 27 0 27 34 44 44 44 44 31 31 0 58 0 58 0 0 29 29 28 0 0 0 0 24 0 42 24 24 24 28 42 0 59 59 0 32 0 32 66 66 0 
30 32 0 0 93 27 93 36 46 30 48 0 42 48 42 30 32 77 77 47 78 80 78 80 32 32 0 82 44 82 44 37 31 29 58 29 58 29 31 29 29 33 0 0 0 24 33 0 42 24 33 33 28 42 0 32 28 37 32 0 32 66 66 0 
24 32 31 0 24 100 24 100 55 36 42 42 0 32 50 37 41 30 41 92 35 92 35 77 50 77 0 33 34 33 55 92 92 41 35 26 35 35 25 82 82 38 0 0 0 30 28 0 44 29 28 28 38 44 29 42 42 22 33 0 33 32 32 0 
30 32 0 0 93 27 93 27 26 32 48 48 32 0 32 33 32 47 32 47 97 80 97 80 32 32 0 82 0 82 26 37 32 29 24 29 31 29 31 32 32 33 0 0 0 24 33 0 34 0 33 33 0 34 0 28 28 37 25 0 21 0 0 0 
24 32 31 0 24 100 24 100 55 36 42 42 50 32 0 37 41 30 41 92 35 92 35 77 50 77 0 33 34 33 55 92 92 41 35 26 35 35 25 82 82 38 0 0 0 30 28 0 44 29 28 28 38 44 29 42 42 22 33 0 33 32 32 0 
0 23 75 0 0 33 0 33 88 32 30 30 37 33 37 0 36 26 36 32 97 32 97 31 37 37 0 38 0 38 0 32 37 37 25 0 0 0 0 32 32 0 0 0 0 25 0 0 31 0 31 32 0 31 0 21 0 23 25 0 21 0 0 0 
0 0 0 94 0 0 0 50 52 94 0 32 41 32 41 36 0 28 28 82 34 82 34 86 0 86 34 34 35 34 35 82 82 0 34 0 34 31 0 76 76 37 0 0 0 0 28 0 36 28 28 28 37 36 0 59 59 0 30 0 30 32 32 0 
28 59 35 0 45 62 45 62 42 0 77 77 30 47 30 26 28 0 28 0 50 50 50 50 86 30 86 76 44 76 44 0 29 29 46 0 46 22 42 24 0 55 29 27 29 27 55 0 28 32 0 0 32 28 32 66 66 29 0 29 0 34 34 42 
28 59 35 0 45 62 45 62 52 35 77 77 41 32 41 36 28 28 0 82 50 82 50 86 30 86 0 76 35 76 35 82 82 29 34 0 34 31 0 76 76 55 24 24 24 0 55 0 36 32 28 28 37 36 32 66 66 0 30 0 30 32 32 0 
42 55 35 0 34 50 34 50 42 0 31 47 92 47 92 32 82 0 82 0 36 36 36 36 92 92 86 43 44 43 44 0 85 85 46 0 46 22 42 28 0 46 29 28 29 38 46 0 28 33 0 0 33 28 33 36 36 29 0 29 0 34 34 42 
0 26 32 0 0 0 0 30 35 19 25 78 35 97 35 97 34 50 50 36 0 55 0 55 48 35 48 93 87 93 87 36 36 34 76 0 76 24 44 30 30 21 29 30 29 30 0 32 31 21 0 0 25 31 31 0 31 31 0 31 0 45 45 44 
42 55 35 0 34 50 34 50 35 20 31 80 92 80 92 32 82 50 82 36 55 0 55 36 92 92 49 88 93 88 93 36 85 85 78 0 78 25 46 30 30 46 29 30 29 38 46 32 31 33 0 0 33 31 33 36 36 31 0 31 0 45 45 46 
0 26 32 0 0 0 0 30 35 19 25 78 35 97 35 97 34 50 50 36 0 55 0 55 48 35 48 93 87 93 87 36 36 34 76 0 76 24 44 30 30 21 29 30 29 30 0 32 31 21 0 0 25 31 31 0 31 31 0 31 0 45 45 44 
35 42 33 0 32 41 32 41 35 20 27 80 77 80 77 31 86 50 86 36 55 36 55 0 77 77 49 88 93 88 93 36 74 74 78 0 78 25 46 30 30 43 29 30 29 41 43 32 31 30 0 0 30 31 31 46 46 31 0 31 0 45 45 46 
30 48 0 0 48 26 48 42 55 36 0 32 50 32 50 37 0 86 30 92 48 92 48 77 0 77 0 48 34 48 34 92 92 0 35 28 35 35 28 82 82 38 0 0 0 17 28 0 44 28 28 29 38 44 0 33 0 44 33 0 33 32 32 0 
35 42 33 0 32 41 32 42 55 36 27 32 77 32 77 37 86 30 86 92 35 92 35 77 77 0 0 34 34 34 41 92 92 74 41 0 35 35 0 82 82 43 28 28 28 41 43 0 44 30 28 28 38 44 30 46 46 0 33 0 33 32 32 0 
30 48 0 0 48 26 48 26 0 0 34 0 0 0 0 0 34 86 0 86 48 49 48 49 0 0 0 48 0 48 22 44 0 100 17 100 28 28 28 0 0 26 0 0 0 17 26 0 29 0 28 29 0 29 0 0 0 44 0 0 0 33 33 0 
33 29 0 0 78 22 78 28 41 24 44 82 33 82 33 38 34 76 76 43 93 88 93 88 48 34 48 0 76 74 76 37 37 33 95 28 95 28 45 30 30 33 29 30 29 30 33 0 33 0 33 33 20 33 30 28 30 36 0 30 0 28 28 45 
31 29 0 0 80 25 80 25 0 0 44 44 34 0 34 0 35 44 35 44 87 93 87 93 34 34 0 76 0 76 25 38 36 100 30 100 31 29 31 0 0 33 0 0 0 30 33 0 33 0 33 33 0 33 0 44 44 38 0 0 0 33 33 0 
33 29 0 0 78 22 78 28 41 24 44 82 33 82 33 38 34 76 76 43 93 88 93 88 48 34 48 74 76 0 76 37 37 33 95 28 95 28 45 30 30 33 29 30 29 30 33 0 33 0 33 33 20 33 30 28 30 36 0 30 0 28 28 45 
31 29 0 0 80 25 80 25 34 22 44 44 55 26 55 0 35 44 35 44 87 93 87 93 34 41 22 76 25 76 0 38 36 36 30 29 31 96 31 36 36 33 26 22 26 30 33 28 33 0 33 33 20 33 28 44 44 38 34 28 34 53 53 27 
42 55 35 0 34 50 34 50 35 20 31 37 92 37 92 32 82 0 82 0 36 36 36 36 92 92 44 37 38 37 38 0 85 85 42 0 42 25 89 28 0 46 33 34 33 38 46 0 38 33 0 0 33 38 35 44 36 35 44 35 44 0 0 89 
42 55 35 0 34 50 34 50 52 36 31 31 92 32 92 37 82 29 82 85 36 85 36 74 92 92 0 37 36 37 36 85 0 85 38 0 35 35 0 88 88 46 28 28 28 38 46 0 38 33 28 28 38 38 33 36 36 0 32 0 32 34 34 0 
0 0 0 34 0 0 0 50 52 36 0 29 41 29 41 37 0 29 29 85 34 85 34 74 0 74 100 33 100 33 36 85 85 0 35 0 35 35 0 88 88 38 23 0 23 0 28 0 38 28 28 28 38 38 0 36 36 0 32 0 32 34 34 0 
30 36 0 30 83 26 83 32 26 0 58 58 35 24 35 25 34 46 34 46 76 78 76 78 35 41 17 95 30 95 30 42 38 35 0 29 30 29 30 38 38 100 0 0 0 24 31 0 31 23 31 31 100 31 24 40 40 42 30 24 30 44 44 25 
0 0 0 34 0 0 0 33 0 34 0 29 26 29 26 0 0 0 0 0 0 0 0 0 28 0 100 28 100 28 29 0 0 0 29 0 29 27 33 0 0 0 98 56 98 56 0 0 32 0 0 0 0 32 35 36 36 34 0 35 0 0 0 33 
30 36 0 0 83 26 83 32 0 0 58 58 35 31 35 0 34 46 34 46 76 78 76 78 35 35 28 95 31 95 31 42 35 35 30 29 0 29 34 0 0 31 57 97 57 97 31 0 31 0 31 31 0 31 30 40 40 42 0 30 0 0 0 34 
24 34 22 0 26 53 26 53 22 0 0 29 35 29 35 0 31 22 31 22 24 25 24 25 35 35 28 28 29 28 96 25 35 35 29 27 29 0 33 0 0 27 98 56 98 56 27 0 32 34 28 28 34 32 35 53 53 34 0 35 0 0 0 33 
36 28 0 0 45 24 45 32 0 0 0 31 25 31 25 0 0 42 0 42 44 46 44 46 28 0 28 45 31 45 31 89 0 0 30 33 34 33 0 0 0 37 57 97 57 97 37 0 35 44 35 35 44 35 44 0 31 89 0 30 0 0 0 34 
36 42 35 0 29 41 29 41 35 0 29 29 82 32 82 32 76 24 76 28 30 30 30 30 82 82 0 30 0 30 36 28 88 88 38 0 0 0 0 0 28 43 28 28 28 38 97 0 0 97 97 97 32 0 32 48 48 0 24 0 24 0 0 0 
36 42 35 0 29 41 29 41 35 0 29 29 82 32 82 32 76 0 76 0 30 30 30 30 82 82 0 30 0 30 36 0 88 88 38 0 0 0 0 28 0 43 28 28 28 38 43 100 0 32 0 0 32 0 32 48 48 0 0 0 0 0 0 0 
32 28 24 30 22 30 22 30 39 0 28 33 38 33 38 0 37 55 55 46 21 46 21 43 38 43 26 33 33 33 33 46 46 38 100 0 31 27 37 43 43 0 32 29 32 100 22 0 94 30 24 24 30 94 49 40 49 50 38 49 38 63 63 37 
38 0 0 0 29 26 29 26 27 0 0 0 0 0 0 0 0 29 24 29 29 29 29 29 0 28 0 29 0 29 26 33 28 23 0 98 57 98 57 28 28 32 0 0 0 0 97 0 35 97 97 97 23 35 0 24 0 33 24 0 24 0 0 0 
34 0 47 0 30 25 30 25 27 0 0 0 0 0 0 0 0 27 24 28 30 30 30 30 0 28 0 30 0 30 22 34 28 0 0 56 97 56 97 28 28 29 0 0 0 0 97 0 30 97 97 97 23 30 0 24 0 34 24 0 24 0 0 0 
38 0 0 0 29 26 29 26 27 0 0 0 0 0 0 0 0 29 24 29 29 29 29 29 0 28 0 29 0 29 26 33 28 23 0 98 57 98 57 28 28 32 0 0 0 0 97 0 35 97 97 97 23 35 0 24 0 33 24 0 24 0 0 0 
34 0 47 30 30 25 30 32 26 0 0 24 30 24 30 25 0 27 0 38 30 38 30 41 17 41 17 30 30 30 30 38 38 0 24 56 97 56 97 38 38 100 0 0 0 0 29 0 30 23 30 30 100 30 24 30 24 34 30 24 30 44 44 25 
0 27 0 0 0 0 0 28 39 0 24 33 28 33 28 0 28 55 55 46 0 46 0 43 28 43 26 33 33 33 33 46 46 28 31 0 31 27 37 97 43 22 97 97 97 29 0 0 94 24 0 0 24 94 49 38 49 50 38 49 38 63 63 37 
25 0 0 0 32 0 32 0 0 0 0 0 0 0 0 0 0 0 0 0 32 32 32 32 0 0 0 0 0 0 28 0 0 0 0 0 0 0 0 0 100 0 0 0 0 0 0 0 0 0 0 0 0 0 0 0 0 0 0 0 0 0 0 0 
31 56 24 0 31 26 31 28 50 27 42 42 44 34 44 31 36 28 36 28 31 31 31 31 44 44 29 33 33 33 33 38 38 38 31 32 31 32 35 0 0 94 35 30 35 30 94 0 0 38 49 50 38 49 96 48 96 96 26 96 26 0 0 35 
41 27 39 29 0 31 51 0 39 0 24 24 29 0 29 0 28 32 32 33 21 33 21 30 28 30 0 0 0 0 0 33 33 28 23 0 0 34 44 97 32 30 97 97 97 23 24 0 38 0 24 24 30 38 26 95 26 26 94 26 95 0 0 44 
0 27 0 0 0 0 0 28 50 32 24 33 28 33 28 31 28 0 28 0 0 0 0 0 28 28 28 33 33 33 33 0 28 28 31 0 31 28 35 97 0 24 97 97 97 30 0 0 49 24 0 0 24 49 96 26 94 95 26 96 26 0 0 35 
0 27 0 0 0 0 0 28 50 28 24 33 28 33 28 32 28 0 28 0 0 0 0 0 29 28 29 33 33 33 33 0 28 28 31 0 31 28 35 97 0 24 97 97 97 30 0 0 50 24 0 0 24 50 96 26 95 96 26 96 26 0 0 35 
41 28 39 30 22 31 51 30 39 0 28 28 38 0 38 0 37 32 37 33 25 33 25 30 38 38 0 20 0 20 20 33 38 38 100 0 0 34 44 32 32 30 23 23 23 100 24 0 38 30 24 24 0 38 30 94 40 26 95 26 94 0 0 44 
31 56 24 0 31 26 31 28 50 27 42 42 44 34 44 31 36 28 36 28 31 31 31 31 44 44 29 33 33 33 33 38 38 38 31 32 31 32 35 0 0 94 35 30 35 30 94 0 49 38 49 50 38 0 96 48 96 96 26 96 26 0 0 35 
41 50 39 29 30 31 51 27 39 0 0 0 29 0 29 0 0 32 32 33 31 33 31 31 0 30 0 30 0 30 28 35 33 0 24 35 30 35 44 32 32 49 0 0 0 24 49 0 96 26 96 96 30 96 0 95 26 35 94 26 95 0 0 44 
41 41 35 29 0 31 51 37 50 0 59 32 42 28 42 21 59 66 66 36 0 36 0 46 33 46 0 28 44 28 44 44 36 36 40 36 40 53 0 48 48 40 24 24 24 30 38 0 48 95 26 26 94 48 95 0 0 44 0 0 0 86 86 0 
32 50 32 0 30 27 30 37 50 0 59 28 42 28 42 0 59 66 66 36 31 36 31 46 0 46 0 30 44 30 44 36 36 36 40 36 40 53 31 48 48 49 0 0 0 24 49 0 96 26 94 95 40 96 26 0 0 35 0 0 0 86 86 0 
31 50 28 0 30 27 30 31 28 20 0 37 22 37 22 23 0 29 0 29 31 31 31 31 44 0 44 36 38 36 38 35 0 0 42 34 42 34 89 0 0 50 33 34 33 34 50 0 96 26 95 96 26 96 35 44 35 0 44 35 44 0 0 89 
41 41 35 29 0 31 51 29 0 0 32 32 33 25 33 25 30 0 30 0 0 0 0 0 33 33 0 0 0 0 34 44 32 32 30 0 0 0 0 24 0 38 24 24 24 30 38 0 26 94 26 26 95 26 94 0 0 44 0 0 0 0 0 0 
32 50 32 0 30 27 30 27 26 0 0 0 0 0 0 0 0 29 0 29 31 31 31 31 0 0 0 30 0 30 28 35 0 0 24 35 30 35 30 0 0 49 0 0 0 24 49 0 96 26 96 96 26 96 26 0 0 35 0 0 0 0 0 0 
41 41 35 29 0 31 51 29 0 0 32 32 33 21 33 21 30 0 30 0 0 0 0 0 33 33 0 0 0 0 34 44 32 32 30 0 0 0 0 24 0 38 24 24 24 30 38 0 26 95 26 26 94 26 95 0 0 44 0 0 0 0 0 0 
47 50 0 54 27 43 27 43 0 54 66 66 32 0 32 0 32 34 32 34 45 45 45 45 32 32 33 28 33 28 53 0 34 34 44 0 0 0 0 0 0 63 0 0 0 44 63 0 0 0 0 0 0 0 0 86 86 0 0 0 0 0 0 0 
47 50 0 54 27 43 27 43 0 54 66 66 32 0 32 0 32 34 32 34 45 45 45 45 32 32 33 28 33 28 53 0 34 34 44 0 0 0 0 0 0 63 0 0 0 44 63 0 0 0 0 0 0 0 0 86 86 0 0 0 0 0 0 0 
36 28 0 0 45 24 45 24 0 0 0 0 0 0 0 0 0 42 0 42 44 46 44 46 0 0 0 45 0 45 27 89 0 0 25 33 34 33 34 0 0 37 0 0 0 25 37 0 35 44 35 35 44 35 44 0 0 89 0 0 0 0 0 0 
